57
57
57
57
57
57
57
57
57
57
57
57
57
57
57
57
57
57
57
57
57
57
57
57
57
57
57
57
57
57
57
57
57
57
57
57
57
57
57
57
57
57
49
49
49
49
49
49
49
49
49
49
50
49
49
49
49
57
57
57
49
49
49
49
49
50
49
49
49
49
49
49
49
49
50
49
49
49
49
27
55
55
55
55
55
55
29
49
57
57
55
55
55
55
29
49
49
27
55
55
55
55
55
55
55
29
49
49
49
39
49
49
49
49
49
49
39
49
57
57
49
49
49
49
39
49
49
39
57
57
57
57
43
49
49
39
50
50
50
39
49
49
50
49
49
49
39
49
57
57
49
49
49
49
39
49
49
39
57
57
57
57
43
49
49
39
57
57
57
39
49
49
49
49
49
49
39
49
57
57
49
49
49
49
45
55
55
47
57
57
57
57
43
49
49
39
57
57
57
39
49
49
49
49
49
49
39
49
57
57
49
49
50
50
50
50
50
50
50
50
50
43
49
49
49
39
57
57
57
39
49
50
49
49
49
49
39
49
57
57
49
50
57
57
57
57
57
57
57
57
57
50
57
49
49
39
57
57
57
39
49
49
49
49
49
49
39
49
57
57
50
57
57
57
57
57
57
57
57
57
57
57
27
55
55
47
57
57
57
39
49
49
49
49
50
49
39
49
57
57
50
57
57
57
57
57
57
57
57
57
57
57
39
57
57
57
57
57
57
39
50
49
49
49
49
49
39
49
57
57
57
57
57
57
57
57
57
57
57
57
57
57
39
57
57
57
57
57
57
39
49
49
49
49
49
49
39
49
57
57
57
57
57
57
57
57
57
57
57
57
57
57
21
55
55
55
55
55
55
47
49
49
49
49
49
49
45
55
55
55
57
57
57
57
57
57
57
57
57
57
57
57
57
50
50
50
50
50
50
50
50
50
50
50
50
50
50
50
57
57
