49
49
49
49
49
49
49
49
57
57
57
57
57
57
57
57
49
49
49
49
49
49
49
49
49
49
49
49
57
57
49
49
49
49
49
49
49
49
49
57
57
57
57
57
57
49
49
49
27
55
55
55
55
55
55
29
49
57
57
57
49
49
49
49
49
50
49
49
49
49
49
49
49
49
50
49
49
49
39
49
49
49
49
49
49
39
49
57
57
57
55
55
55
55
29
49
49
27
55
55
55
55
34
35
49
33
34
55
47
49
49
49
49
49
49
60
49
57
57
57
49
49
49
49
39
49
49
39
49
49
50
49
49
44
49
42
49
49
49
49
49
49
49
49
49
49
57
57
57
57
49
49
49
49
39
49
49
39
49
49
27
55
52
53
49
51
52
29
49
49
49
49
49
57
57
57
57
57
57
57
49
49
49
49
39
55
55
39
49
49
39
49
49
49
50
49
49
51
35
49
49
49
57
57
57
57
57
57
57
57
49
49
49
49
39
50
50
39
49
49
60
49
49
49
49
49
49
58
51
35
49
49
57
59
57
57
57
57
57
49
49
49
49
49
48
55
55
48
49
49
49
49
49
49
49
49
58
58
58
51
35
49
57
57
57
57
57
57
57
49
49
49
49
49
49
49
49
49
49
49
49
49
49
49
49
58
58
58
58
58
51
35
49
49
57
59
57
57
49
49
55
55
55
55
55
29
49
49
49
49
49
49
49
49
58
58
58
58
58
58
58
39
49
49
49
49
49
49
49
49
57
57
57
57
57
45
55
55
29
49
49
49
50
49
58
58
58
58
58
58
58
39
49
49
49
60
50
50
50
50
57
57
57
57
57
57
49
49
39
49
60
49
49
49
49
49
49
49
49
49
49
39
49
49
49
45
55
55
55
55
57
57
57
57
57
57
57
49
39
49
45
55
55
55
55
55
55
55
55
55
55
26
49
49
49
50
50
50
50
50
