49
49
49
49
49
49
49
49
49
49
49
49
49
49
49
49
58
58
58
57
57
57
57
57
49
49
49
49
49
49
49
49
49
49
27
55
55
55
55
55
55
55
29
49
49
49
50
58
57
57
57
57
57
49
49
49
49
49
49
49
49
49
49
49
39
50
49
49
49
49
49
49
39
49
50
49
49
49
49
49
49
49
49
49
27
55
55
55
29
49
55
55
55
55
47
49
49
49
49
49
49
49
39
49
49
49
49
49
49
49
49
49
49
49
39
49
49
49
39
49
49
49
49
49
49
49
49
49
49
49
50
49
45
55
55
55
55
55
29
49
49
49
50
49
39
50
49
49
39
49
49
49
50
49
49
49
49
49
49
49
49
49
49
49
49
49
49
49
39
49
49
49
49
49
39
49
49
49
39
49
49
49
49
49
49
49
49
49
49
49
49
57
57
57
57
49
49
49
39
49
49
49
49
49
39
49
49
49
39
49
49
49
49
49
49
49
49
49
49
49
57
57
57
57
57
57
49
49
39
49
49
50
49
49
39
49
49
49
39
49
49
50
49
49
49
49
49
49
49
49
57
57
57
57
57
57
49
49
39
49
49
49
49
49
39
49
49
49
39
50
49
49
49
49
49
49
50
49
49
49
49
57
57
57
57
49
49
49
39
49
49
49
49
49
39
49
49
49
39
49
49
57
57
57
57
49
49
49
49
49
49
49
49
57
49
49
49
49
39
49
50
49
49
49
39
49
49
49
39
49
57
57
57
57
57
57
58
49
49
49
49
49
49
57
57
49
49
49
45
55
55
55
55
55
47
49
49
49
39
49
57
57
57
57
57
58
58
58
49
49
49
49
49
58
57
57
58
49
49
49
49
49
49
49
49
49
49
49
45
55
57
57
57
57
58
58
58
58
58
49
49
49
58
58
58
58
58
58
49
49
50
49
49
49
49
50
49
49
49
49
