58
58
58
58
58
58
58
58
58
58
58
58
58
58
58
58
58
58
58
58
58
58
58
58
58
58
58
58
58
58
58
58
58
27
55
55
55
55
55
55
55
55
55
55
55
55
55
55
55
55
55
55
55
55
55
55
55
55
29
58
58
58
58
39
58
58
58
58
58
58
58
58
58
58
58
58
58
58
58
58
58
58
58
58
58
58
58
58
39
58
55
55
55
47
58
58
58
58
57
57
57
57
57
57
57
57
57
57
57
57
57
58
58
58
58
58
58
58
39
58
58
58
58
58
58
58
58
57
57
57
57
57
59
57
57
57
57
57
57
57
57
57
58
58
58
27
55
55
47
58
58
58
58
58
58
58
57
57
57
57
57
57
57
57
57
57
57
57
57
57
57
57
57
58
58
39
58
58
58
58
58
58
58
58
58
57
57
59
57
57
57
57
57
57
57
57
59
57
57
57
57
57
57
57
58
39
58
58
58
58
57
57
59
57
57
57
57
57
57
57
57
57
57
57
57
57
57
57
57
57
57
57
57
57
58
39
58
58
58
58
57
57
57
57
57
57
57
57
57
57
57
57
57
57
57
57
57
57
57
57
57
57
57
57
58
39
58
58
58
58
57
57
57
59
57
57
57
57
57
57
57
57
57
57
57
57
57
57
57
57
57
57
57
57
58
39
58
58
58
58
58
58
58
58
58
57
57
57
57
57
57
57
57
59
57
57
57
57
57
57
57
57
57
58
58
39
58
58
58
58
58
58
58
58
58
58
57
57
59
57
57
57
57
57
57
57
57
57
57
57
57
57
58
58
58
39
58
58
58
58
58
58
58
58
58
58
58
57
57
57
57
57
57
57
57
57
57
57
57
57
57
58
58
58
58
45
55
55
55
55
58
58
58
58
58
58
58
58
58
58
58
58
58
58
58
58
58
58
58
58
58
58
58
58
58
58
58
58
58
58
