57
57
57
57
57
57
57
57
57
57
57
57
57
57
57
57
57
57
57
57
57
57
57
57
57
57
57
57
57
57
50
50
50
50
50
50
50
50
50
50
50
50
50
50
50
50
50
50
50
50
50
50
50
50
50
50
50
50
57
57
55
55
55
55
55
55
55
55
55
55
55
55
55
55
55
55
55
55
55
55
55
55
55
55
55
55
29
50
57
57
43
43
43
43
43
43
43
43
43
43
43
43
43
43
43
43
43
43
43
43
43
43
43
43
43
43
39
50
57
57
43
43
43
43
43
43
43
43
43
43
43
43
43
43
43
43
43
43
43
43
43
43
43
43
43
43
39
50
57
57
43
43
43
43
43
43
43
43
43
43
43
43
43
43
43
43
43
43
43
43
43
43
43
43
43
43
39
50
57
57
55
55
55
55
55
55
55
55
55
55
55
55
55
55
55
55
55
55
55
55
55
55
55
35
43
43
39
50
57
57
50
50
50
50
50
50
50
50
50
50
50
50
50
33
55
55
55
55
55
55
55
55
55
53
43
43
39
50
57
57
57
57
57
57
57
57
57
57
57
57
57
57
50
39
43
43
43
43
43
43
43
43
43
43
43
43
39
50
57
57
57
57
57
57
57
57
57
57
57
57
57
57
50
39
43
43
43
43
43
43
43
43
43
43
43
43
39
50
57
57
57
57
57
57
57
57
57
57
57
57
57
57
50
39
43
43
43
43
43
43
43
43
43
43
43
43
39
50
57
57
57
57
57
57
57
57
57
57
57
57
57
57
50
39
43
43
43
43
43
43
43
43
43
43
43
43
39
50
57
57
57
57
57
57
57
57
57
57
57
57
57
57
50
45
55
55
55
55
55
55
55
55
55
55
55
55
47
50
57
57
57
57
57
57
57
57
57
57
57
57
57
57
50
50
50
50
50
50
50
50
50
50
50
50
50
50
50
50
57
57
